[NI Configuration]
NI1 = 28120673.000000
NI2 = 28169412.000000    