[NI Configuration]
NI1 = 30585969.000000
NI2 = 30585228.000000    